date,open,high,low,close,volume
2021-09-01,"33,550","34,200","33,450","33,950","270,034"
2021-08-31,"33,900","33,950","33,150","33,350","343,731"
2021-08-30,"32,950","34,050","32,900","33,850","491,891"
2021-08-27,"32,550","32,900","32,000","32,700","281,091"
2021-08-26,"32,450","33,150","32,250","32,650","238,905"
2021-08-25,"32,750","32,800","32,050","32,450","211,940"
2021-08-24,"30,900","32,900","30,900","32,300","533,470"
2021-08-23,"30,500","30,850","30,150","30,500","220,796"
2021-08-20,"30,800","31,150","30,350","30,350","375,704"
2021-08-19,"31,500","31,800","30,700","30,850","396,906"
2021-08-18,"31,400","32,300","31,350","31,900","258,394"
2021-08-17,"32,650","32,750","31,550","31,600","565,939"
2021-08-13,"33,400","33,600","32,800","32,950","309,341"
2021-08-12,"33,700","33,850","33,450","33,550","228,110"
2021-08-11,"33,600","33,900","33,450","33,550","239,825"
2021-08-10,"34,250","34,250","33,650","33,750","352,868"
2021-08-09,"34,550","34,550","34,100","34,250","201,800"
2021-08-06,"34,850","34,850","34,400","34,550","213,438"
2021-08-05,"34,500","34,950","34,350","34,600","341,186"
2021-08-04,"33,850","34,400","33,850","34,300","301,624"
2021-08-03,"34,000","34,000","33,600","33,750","278,642"
2021-08-02,"34,400","34,450","33,900","34,000","251,434"
2021-07-30,"34,550","34,550","34,050","34,450","268,791"
2021-07-29,"34,650","34,950","34,350","34,500","238,588"
2021-07-28,"34,400","34,750","34,200","34,450","221,453"
2021-07-27,"34,600","34,700","34,500","34,550","171,198"
2021-07-26,"34,900","34,950","34,500","34,500","231,520"
2021-07-23,"35,250","35,250","34,900","34,900","223,920"
2021-07-22,"35,250","35,350","35,150","35,250","268,136"
2021-07-21,"35,050","35,150","34,800","35,150","234,637"
2021-07-20,"34,700","35,000","34,650","34,900","398,551"
2021-07-19,"35,400","35,500","35,050","35,200","248,112"
2021-07-16,"35,650","35,900","35,300","35,450","414,865"
2021-07-15,"35,450","35,900","35,400","35,650","419,063"
2021-07-14,"35,150","35,500","34,850","35,250","392,191"
2021-07-13,"35,300","35,450","34,950","35,100","406,271"
2021-07-12,"34,650","35,300","34,650","34,900","381,886"
2021-07-09,"34,900","35,150","34,300","34,500","704,400"
2021-07-08,"35,800","36,100","35,300","35,500","508,687"
2021-07-07,"36,300","36,350","35,800","35,950","833,674"
2021-07-06,"36,500","36,950","36,500","36,850","477,695"
2021-07-05,"36,650","36,650","36,250","36,500","607,364"
2021-07-02,"36,900","37,100","36,450","36,750","389,230"
2021-07-01,"37,600","37,600","36,600","36,850","668,318"
2021-06-30,"38,050","38,050","37,600","37,700","433,924"
2021-06-29,"38,150","38,200","37,700","37,700","287,389"
2021-06-28,"37,800","38,000","37,500","37,850","283,112"
2021-06-25,"37,600","37,950","37,350","37,800","311,285"
2021-06-24,"37,700","37,750","37,000","37,600","538,683"
2021-06-23,"39,000","39,050","37,350","37,650","894,915"
2021-06-22,"39,000","39,350","38,500","38,900","404,566"
2021-06-21,"39,800","39,850","38,650","38,800","674,612"
2021-06-18,"40,100","40,250","39,500","39,550","413,169"
2021-06-17,"39,650","40,000","39,200","39,950","378,159"
2021-06-16,"39,100","39,750","38,950","39,650","376,119"
2021-06-15,"39,100","39,300","38,550","38,950","510,402"
2021-06-14,"40,000","40,300","39,100","39,150","678,649"
2021-06-11,"40,600","40,750","39,750","39,900","711,610"
2021-06-10,"39,500","40,450","39,500","39,700","664,298"
2021-06-09,"39,900","40,000","39,450","39,600","418,865"
2021-06-08,"39,650","40,050","39,500","39,700","372,872"
2021-06-07,"39,200","39,700","38,350","39,650","667,294"
2021-06-04,"39,800","39,950","39,100","39,200","840,596"
2021-06-03,"40,300","40,600","39,700","39,900","701,440"
2021-06-02,"39,900","40,500","39,600","40,100","843,333"
2021-06-01,"39,700","40,000","39,050","39,600","803,872"
2021-05-31,"38,200","39,650","37,850","39,600","1,466,409"
2021-05-28,"38,550","38,550","37,700","37,850","607,115"
2021-05-27,"38,200","38,650","37,800","38,300","1,032,084"
2021-05-26,"36,750","38,350","36,600","38,150","2,009,431"
2021-05-25,"36,050","36,600","35,850","36,600","448,053"
2021-05-24,"36,000","36,050","35,500","35,950","250,125"
2021-05-21,"36,550","36,700","35,800","36,100","346,381"
2021-05-20,"36,250","36,550","35,800","36,450","324,436"
2021-05-18,"36,650","36,900","36,250","36,250","531,928"
2021-05-17,"35,750","36,550","35,400","36,300","948,590"
2021-05-14,"35,450","37,700","34,700","35,700","1,055,675"
2021-05-13,"34,250","35,800","34,200","35,350","521,380"
2021-05-12,"36,100","36,300","34,750","35,000","617,603"
2021-05-11,"35,750","36,200","35,450","36,100","479,184"
2021-05-10,"35,200","35,950","35,100","35,950","586,319"
2021-05-07,"34,500","35,300","34,350","35,100","347,923"
2021-05-06,"34,400","34,750","34,150","34,450","285,020"
2021-05-04,"34,650","34,700","33,550","34,400","451,151"
2021-05-03,"34,850","35,200","34,450","34,650","357,470"
2021-04-30,"35,100","35,150","34,500","34,850","286,774"
2021-04-29,"35,300","35,450","34,800","35,000","379,883"
2021-04-28,"35,700","35,950","35,350","35,400","283,840"
2021-04-27,"35,800","35,800","35,500","35,600","217,708"
2021-04-26,"35,550","35,900","35,450","35,500","278,111"
2021-04-23,"35,800","35,850","35,300","35,450","256,545"
2021-04-22,"36,000","36,000","35,800","35,900","207,412"
2021-04-21,"36,350","36,350","35,650","35,800","380,453"
2021-04-20,"35,700","36,300","35,700","36,300","467,892"
2021-04-19,"35,300","35,750","35,050","35,700","335,190"
2021-04-16,"35,200","35,450","35,050","35,350","309,135"
2021-04-15,"35,600","35,600","35,050","35,100","515,057"
2021-04-14,"36,050","36,100","35,400","35,550","670,305"
2021-04-13,"36,250","36,350","36,000","36,100","277,447"
2021-04-12,"36,050","36,250","35,700","36,200","255,743"
2021-04-09,"35,500","36,050","35,500","35,900","333,668"
2021-04-08,"36,250","36,250","35,500","35,500","698,432"
2021-04-07,"36,650","36,650","36,200","36,350","375,716"
2021-04-06,"36,450","36,650","36,200","36,650","350,828"
2021-04-05,"36,500","36,500","36,000","36,250","294,434"
2021-04-02,"36,250","36,650","35,850","36,500","456,100"
2021-04-01,"37,150","37,150","36,150","36,250","526,799"
2021-03-31,"37,100","37,150","36,600","36,850","388,881"
2021-03-30,"37,650","37,750","36,700","36,900","643,543"
2021-03-29,"38,100","38,150","37,450","37,450","441,959"
2021-03-26,"38,500","38,600","38,100","38,250","447,561"
2021-03-25,"38,300","38,550","38,050","38,400","327,670"
2021-03-24,"37,700","38,350","37,400","38,300","474,984"
2021-03-23,"37,350","38,100","37,000","37,950","649,064"
2021-03-22,"38,150","38,150","37,200","37,350","584,886"
2021-03-19,"37,750","38,400","37,400","38,200","389,427"
2021-03-18,"38,800","38,800","38,100","38,200","484,120"
2021-03-17,"38,500","38,650","37,950","38,500","563,346"
2021-03-16,"37,300","38,750","37,250","38,350","1,263,893"
2021-03-15,"36,900","37,350","36,600","37,100","665,379"
2021-03-12,"36,700","36,850","36,200","36,550","480,676"
2021-03-11,"36,900","37,000","36,050","36,450","916,678"
2021-03-10,"37,000","37,700","36,750","36,850","633,271"
2021-03-09,"37,200","37,750","36,050","37,350","1,076,326"
2021-03-08,"37,250","37,450","36,500","37,000","1,003,202"
2021-03-05,"36,100","36,900","35,350","36,700","1,299,374"
2021-03-04,"34,900","36,750","34,700","36,400","1,947,339"
2021-03-03,"34,400","35,300","34,150","35,100","818,201"
2021-03-02,"34,550","34,650","34,100","34,500","488,356"
2021-02-26,"33,850","34,250","33,700","34,250","520,249"
2021-02-25,"34,450","34,600","34,050","34,550","423,470"
2021-02-24,"34,300","35,250","33,800","33,850","1,196,243"
2021-02-23,"34,000","34,350","33,400","33,950","654,560"
2021-02-22,"34,000","34,700","34,000","34,300","370,420"
2021-02-19,"34,150","34,350","33,000","33,700","610,870"
2021-02-18,"34,550","34,900","34,100","34,100","513,513"
2021-02-17,"35,300","35,300","34,500","34,700","526,307"
2021-02-16,"34,200","35,400","34,000","35,300","910,230"
2021-02-15,"34,550","34,700","33,700","33,950","613,019"
2021-02-10,"34,400","34,450","33,500","33,900","470,082"
2021-02-09,"35,350","35,450","34,100","34,150","686,156"
2021-02-08,"34,700","35,450","34,450","35,100","1,013,121"
2021-02-05,"32,950","34,600","32,700","34,400","993,285"
2021-02-04,"32,450","32,950","32,100","32,650","424,768"
2021-02-03,"32,650","32,900","32,300","32,450","350,609"
2021-02-02,"33,000","33,000","32,450","32,600","373,079"
2021-02-01,"31,550","32,800","31,450","32,750","329,561"
2021-01-29,"32,700","32,900","31,400","31,900","684,539"
2021-01-28,"33,000","33,100","32,500","32,650","594,733"
2021-01-27,"33,950","34,200","33,500","33,600","357,322"
2021-01-26,"34,600","34,650","33,700","33,700","614,153"
2021-01-25,"35,000","35,400","34,300","34,600","546,101"
2021-01-22,"33,950","34,950","33,800","34,850","828,444"
2021-01-21,"33,950","34,350","33,750","33,800","432,772"
2021-01-20,"34,200","34,250","33,550","33,750","665,569"
2021-01-19,"34,100","34,450","33,900","34,100","496,978"
2021-01-18,"35,300","35,400","34,000","34,000","783,089"
2021-01-15,"37,000","37,400","35,750","35,750","839,374"
2021-01-14,"35,650","36,800","35,600","36,600","1,070,359"
2021-01-13,"36,050","36,100","35,250","35,500","893,979"
2021-01-12,"34,050","35,450","33,550","35,200","1,059,524"
2021-01-11,"34,850","34,850","33,550","34,050","1,210,762"
2021-01-08,"36,250","36,250","34,550","34,800","1,245,262"
2021-01-07,"35,100","36,100","34,500","35,400","1,811,548"
2021-01-06,"33,550","35,000","32,650","34,300","2,550,567"
2021-01-05,"32,050","33,350","32,000","33,200","1,254,732"
2021-01-04,"31,950","32,000","31,500","32,000","462,233"
2020-12-30,"31,900","32,000","31,800","31,850","339,470"
2020-12-29,"32,100","32,300","31,800","32,000","293,844"
2020-12-28,"31,750","32,450","31,600","32,250","523,522"
2020-12-24,"31,400","31,850","31,400","31,650","300,735"
2020-12-23,"31,650","31,800","31,300","31,450","335,938"
2020-12-22,"32,100","32,100","31,550","31,600","423,607"
2020-12-21,"32,200","32,250","31,900","32,050","263,753"
2020-12-18,"31,800","32,450","31,600","32,100","383,193"
2020-12-17,"31,950","32,100","31,500","31,800","382,650"
2020-12-16,"32,050","32,250","31,900","32,000","394,450"
2020-12-15,"32,250","32,600","31,750","31,900","430,959"
2020-12-14,"32,600","32,600","32,050","32,200","369,228"
2020-12-11,"33,500","33,550","32,400","32,700","811,103"
2020-12-10,"31,250","33,050","31,100","33,000","1,520,626"
2020-12-09,"31,300","31,600","30,900","31,350","510,127"
2020-12-08,"31,550","31,850","31,250","31,300","383,256"
2020-12-07,"31,800","31,800","31,250","31,500","462,436"
2020-12-04,"32,500","32,550","31,550","31,800","537,664"
2020-12-03,"31,300","32,500","31,100","32,400","691,392"
2020-12-02,"31,900","31,900","31,150","31,300","713,261"
2020-12-01,"32,100","32,450","31,600","31,850","471,937"
2020-11-30,"32,500","32,650","31,950","31,950","499,238"
2020-11-27,"32,550","32,550","32,300","32,450","312,295"
2020-11-26,"32,400","33,000","32,400","32,600","292,430"
2020-11-25,"33,150","33,650","32,500","32,650","642,252"
2020-11-24,"33,500","33,650","32,450","32,950","698,698"
2020-11-23,"33,500","33,700","33,400","33,500","449,638"
2020-11-20,"33,400","33,950","33,400","33,700","353,239"
2020-11-19,"33,800","34,000","33,500","33,500","298,709"
2020-11-18,"33,600","34,350","33,600","33,750","311,541"
2020-11-17,"34,250","34,450","33,350","33,600","472,010"
2020-11-16,"34,000","34,900","33,800","34,200","591,424"
2020-11-13,"34,600","34,750","33,100","33,500","825,179"
2020-11-12,"34,700","34,950","34,300","34,750","222,682"
2020-11-11,"34,700","35,100","34,600","34,650","232,801"
2020-11-10,"35,100","35,250","34,650","34,700","283,239"
2020-11-09,"34,700","35,300","34,650","34,650","169,029"
2020-11-06,"35,150","35,350","34,550","34,600","147,294"
2020-11-05,"34,700","35,250","34,700","35,150","192,602"
2020-11-04,"34,150","34,850","34,000","34,800","301,572"
2020-11-03,"33,700","34,350","33,700","33,700","209,862"
2020-11-02,"33,400","34,050","33,350","33,650","143,403"
2020-10-30,"33,500","34,050","33,500","33,500","220,441"
2020-10-29,"33,800","34,000","33,450","33,850","290,663"
2020-10-28,"33,600","34,500","33,550","34,500","183,661"
2020-10-27,"33,850","34,400","32,800","33,750","421,978"
2020-10-26,"34,850","35,300","33,900","33,950","388,176"
2020-10-23,"36,350","36,350","34,800","35,100","501,806"
2020-10-22,"37,150","37,200","36,100","36,250","267,386"
2020-10-21,"37,000","37,450","36,850","37,350","168,317"
2020-10-20,"37,350","37,450","36,400","37,200","268,122"
2020-10-19,"38,200","38,250","37,450","37,500","254,927"
2020-10-16,"38,900","38,900","37,600","37,950","303,535"
2020-10-15,"38,000","39,000","37,600","38,800","311,058"
2020-10-14,"38,650","38,800","37,750","38,500","383,338"
2020-10-13,"37,950","38,800","37,950","38,700","419,453"
2020-10-12,"38,600","39,200","37,750","37,900","618,638"
2020-10-08,"38,000","38,100","37,650","37,700","381,025"
2020-10-07,"37,850","38,300","37,500","37,550","333,540"
2020-10-06,"36,550","38,800","36,300","38,300","1,047,653"
2020-10-05,"36,550","36,550","35,100","35,950","346,557"
2020-09-29,"36,600","36,600","35,750","36,250","283,391"
2020-09-28,"33,450","36,100","33,450","35,950","493,071"
2020-09-25,"34,400","34,900","33,300","33,350","374,563"
2020-09-24,"34,100","34,500","33,550","33,800","559,094"
2020-09-23,"34,850","35,550","33,400","34,900","519,029"
2020-09-22,"36,000","36,100","34,650","34,900","421,130"
2020-09-21,"37,150","37,250","35,650","36,050","401,320"
2020-09-18,"37,200","37,450","36,750","36,850","367,946"
2020-09-17,"37,950","38,150","37,100","37,150","290,974"
2020-09-16,"38,500","38,500","37,800","37,950","269,765"
2020-09-15,"37,400","38,700","37,350","38,500","579,275"
2020-09-14,"37,700","37,750","37,100","37,300","227,172"
2020-09-11,"37,550","37,700","37,000","37,350","217,832"
2020-09-10,"37,350","37,900","37,100","37,600","386,453"
2020-09-09,"37,700","37,750","37,000","37,050","412,048"
2020-09-08,"36,650","39,300","36,650","38,050","1,273,006"
2020-09-07,"36,750","37,400","36,550","36,700","431,579"
2020-09-04,"37,050","37,700","37,000","37,300","457,976"
2020-09-03,"38,050","38,500","37,800","38,100","434,673"
2020-09-02,"38,600","38,650","37,300","38,200","551,775"
2020-09-01,"36,850","38,200","36,400","38,100","623,741"
2020-08-31,"36,600","37,700","36,450","36,900","717,509"
2020-08-28,"37,000","37,450","36,300","36,650","630,117"
2020-08-27,"37,800","37,800","36,100","37,000","1,255,011"
2020-08-26,"39,250","39,250","37,750","37,900","651,013"
2020-08-25,"39,150","39,150","38,450","39,000","458,368"
2020-08-24,"38,800","39,050","37,400","38,900","544,482"
2020-08-21,"39,150","39,400","37,700","38,900","642,292"
2020-08-20,"38,600","40,300","38,250","38,850","881,337"
2020-08-19,"39,350","40,250","38,600","38,900","730,813"
2020-08-18,"41,700","41,750","38,500","39,300","1,327,397"
2020-08-14,"44,600","45,200","40,500","41,350","1,758,970"
2020-08-13,"45,050","45,750","43,900","44,100","803,274"
2020-08-12,"44,950","45,950","44,100","44,950","675,316"
2020-08-11,"44,300","45,150","43,850","44,800","471,469"
2020-08-10,"44,050","44,900","43,550","44,300","488,329"
2020-08-07,"44,650","44,750","43,500","44,300","553,619"
2020-08-06,"46,000","46,050","44,400","44,600","806,005"
2020-08-05,"43,950","46,750","43,900","46,500","1,444,373"
2020-08-04,"43,500","43,700","42,750","43,650","422,821"
2020-08-03,"41,900","43,750","41,400","43,500","769,702"
2020-07-31,"41,300","41,950","40,700","41,550","558,864"
2020-07-30,"42,550","42,550","41,050","41,550","539,444"
2020-07-29,"41,950","42,550","41,750","42,550","227,629"
2020-07-28,"42,950","43,250","42,000","42,200","364,298"
2020-07-27,"41,800","43,150","41,700","42,950","459,433"
2020-07-24,"41,900","42,200","41,450","41,600","298,905"
2020-07-23,"42,850","42,900","42,150","42,300","309,510"
2020-07-22,"42,500","43,250","42,000","42,900","538,119"
2020-07-21,"41,600","43,000","41,500","42,400","718,745"
2020-07-20,"41,150","41,900","39,750","41,200","1,092,949"
2020-07-17,"42,450","42,900","41,500","42,300","569,282"
2020-07-16,"43,250","43,650","42,050","42,350","585,996"
2020-07-15,"44,150","44,400","42,800","43,350","503,585"
2020-07-14,"43,950","44,500","43,100","43,650","461,858"
2020-07-13,"45,400","45,450","43,900","44,100","583,219"
2020-07-10,"43,700","45,550","43,300","45,300","843,773"
2020-07-09,"44,050","44,600","43,200","43,400","654,442"
2020-07-08,"45,400","45,600","44,050","44,050","536,749"
2020-07-07,"43,600","45,950","42,850","45,600","712,358"
2020-07-06,"43,700","43,700","42,850","43,150","279,673"
2020-07-03,"43,350","44,000","42,700","43,000","295,567"
2020-07-02,"42,000","43,650","42,000","43,250","352,739"
2020-07-01,"43,900","44,200","42,200","42,450","616,057"
2020-06-30,"44,300","44,400","43,100","43,800","458,621"
2020-06-29,"43,950","44,450","43,250","43,550","497,713"
2020-06-26,"45,100","45,150","43,800","44,350","447,209"
2020-06-25,"44,600","45,700","44,050","44,100","541,638"
2020-06-24,"46,000","47,050","44,950","45,000","773,520"
2020-06-23,"45,000","46,350","44,250","45,900","759,936"
2020-06-22,"42,900","44,800","42,600","44,550","571,094"
2020-06-19,"43,150","43,550","42,500","43,000","561,898"
2020-06-18,"42,100","43,200","41,750","42,650","533,167"
2020-06-17,"42,250","43,600","41,900","42,250","839,797"
2020-06-16,"42,650","43,950","41,700","42,500","1,186,563"
2020-06-15,"40,950","43,600","39,900","41,000","2,153,460"
2020-06-12,"37,500","40,800","37,300","40,200","1,447,951"
2020-06-11,"39,000","39,200","38,050","39,150","740,017"
2020-06-10,"37,250","39,250","36,950","39,000","1,007,368"
2020-06-09,"37,150","37,700","36,800","37,250","475,147"
2020-06-08,"38,050","38,050","36,700","37,150","685,816"
2020-06-05,"38,000","38,300","37,500","37,850","387,318"
2020-06-04,"38,050","38,900","37,850","38,000","631,179"
2020-06-03,"39,100","39,150","37,700","38,050","779,614"
2020-06-02,"39,000","39,500","38,500","38,800","641,082"
2020-06-01,"36,000","38,750","36,000","38,750","1,407,345"
2020-05-29,"35,900","36,750","35,900","36,000","576,566"
2020-05-28,"36,200","36,300","35,500","35,800","548,493"
2020-05-27,"35,900","36,450","35,800","36,400","373,464"
2020-05-26,"36,450","36,500","35,750","36,100","409,419"
2020-05-25,"36,000","36,500","35,700","36,400","422,582"
2020-05-22,"35,900","36,350","35,300","35,800","360,044"
2020-05-21,"36,500","36,500","35,600","35,850","469,389"
2020-05-20,"36,500","37,050","35,750","36,200","547,478"
2020-05-19,"36,500","36,550","35,250","35,400","605,488"
2020-05-18,"36,800","37,700","35,450","36,050","1,110,644"
2020-05-15,"36,100","37,300","35,000","36,000","1,172,980"
2020-05-14,"34,350","36,200","34,000","35,900","596,496"
2020-05-13,"34,850","35,250","34,000","34,500","472,627"
2020-05-12,"34,650","35,200","34,000","35,000","407,805"
2020-05-11,"33,500","34,750","33,100","34,550","615,499"
2020-05-08,"35,100","35,800","33,500","34,200","685,543"
2020-05-07,"35,000","35,750","34,300","35,200","561,467"
2020-05-06,"33,350","34,950","32,700","34,450","684,259"
2020-05-04,"32,400","34,150","31,750","33,000","633,360"
2020-04-29,"31,750","32,900","31,400","32,450","475,846"
2020-04-28,"31,750","32,450","31,400","31,800","391,156"
2020-04-27,"31,300","32,050","30,900","31,800","633,962"
2020-04-24,"29,900","31,200","29,550","31,150","906,931"
2020-04-23,"29,450","29,700","29,250","29,600","256,848"
2020-04-22,"28,400","29,600","28,150","29,500","374,168"
2020-04-21,"29,050","29,050","28,300","28,750","327,164"
2020-04-20,"28,700","29,400","28,700","29,100","266,514"
2020-04-17,"29,250","29,650","29,000","29,050","290,703"
2020-04-16,"28,750","29,450","28,500","29,200","231,729"
2020-04-14,"29,000","29,700","28,950","29,000","271,277"
2020-04-13,"29,050","29,450","28,550","28,800","233,580"
2020-04-10,"29,550","29,550","28,600","29,050","336,925"
2020-04-09,"29,750","29,800","29,000","29,550","485,278"
2020-04-08,"29,400","30,050","28,900","29,450","421,981"
2020-04-07,"29,900","30,250","28,800","29,200","575,230"
2020-04-06,"28,100","29,800","28,100","29,500","647,069"
2020-04-03,"26,950","28,250","26,800","28,050","484,075"
2020-04-02,"26,800","27,350","26,050","26,950","336,491"
2020-04-01,"26,850","27,550","26,550","26,950","526,773"
2020-03-31,"26,550","27,300","26,150","26,850","650,506"
2020-03-30,"25,300","26,600","24,650","25,850","486,069"
2020-03-27,"26,600","26,700","24,750","25,500","622,261"
2020-03-26,"24,800","25,950","24,300","25,450","744,386"
2020-03-25,"23,600","24,750","22,850","24,400","794,298"
2020-03-24,"22,300","23,050","21,900","22,700","617,814"
2020-03-23,"22,350","22,850","21,450","21,700","450,741"
2020-03-20,"21,800","24,200","21,150","24,200","776,466"
2020-03-19,"25,000","25,300","21,400","22,000","707,613"
2020-03-18,"25,500","26,550","24,300","24,600","593,689"
2020-03-17,"24,000","26,400","24,000","25,300","645,186"
2020-03-16,"25,500","26,100","24,850","25,300","753,805"
2020-03-13,"24,500","26,200","23,200","24,850","1,080,618"
2020-03-12,"26,550","27,100","25,550","26,400","709,537"
2020-03-11,"28,850","28,850","27,200","27,450","580,620"
2020-03-10,"27,500","28,850","27,400","28,550","613,456"
2020-03-09,"28,950","29,100","27,500","28,000","677,198"
2020-03-06,"29,250","29,900","28,400","29,250","604,152"
2020-03-05,"28,750","29,950","28,500","29,250","796,260"
2020-03-04,"26,950","28,950","26,750","28,750","905,779"
2020-03-03,"26,850","28,150","26,800","26,800","622,528"
2020-03-02,"26,550","27,000","26,150","26,350","607,259"
2020-02-28,"26,800","27,200","26,400","26,600","630,631"
2020-02-27,"27,800","28,300","27,300","27,600","393,450"
2020-02-26,"28,050","28,350","27,550","27,950","532,727"
2020-02-25,"28,000","28,950","27,000","28,650","492,418"
2020-02-24,"29,300","29,500","27,900","28,300","1,048,672"
2020-02-21,"30,800","31,200","29,900","30,000","639,772"
2020-02-20,"31,550","32,750","31,000","31,250","955,674"
2020-02-19,"29,300","31,750","29,250","31,500","1,005,051"
2020-02-18,"29,550","29,550","29,050","29,250","223,376"
2020-02-17,"29,700","30,350","29,400","29,700","261,958"
2020-02-14,"29,200","29,900","29,200","29,500","220,440"
2020-02-13,"29,850","29,850","29,300","29,400","380,234"
2020-02-12,"29,550","29,750","28,950","29,750","392,377"
2020-02-11,"30,050","30,300","29,100","29,300","409,220"
2020-02-10,"30,200","30,200","29,500","29,850","219,724"
2020-02-07,"29,700","31,450","29,700","30,050","674,432"
2020-02-06,"31,150","31,350","29,000","29,600","702,275"
2020-02-05,"30,800","31,200","30,500","30,650","234,261"
2020-02-04,"30,250","31,100","30,250","30,800","279,079"
2020-02-03,"29,100","30,550","29,000","30,300","440,195"
2020-01-31,"31,350","31,550","30,000","30,000","580,766"
2020-01-30,"31,900","32,000","31,450","31,550","226,414"
2020-01-29,"31,600","32,250","31,250","31,850","290,952"
2020-01-28,"31,950","32,000","30,800","31,450","651,686"
2020-01-23,"33,000","33,000","32,400","32,650","191,035"
2020-01-22,"32,200","32,950","32,050","32,750","339,176"
2020-01-21,"32,100","32,950","32,100","32,450","222,057"
2020-01-20,"32,300","33,000","31,850","32,050","339,934"
2020-01-17,"31,650","33,000","31,650","32,350","523,245"
2020-01-16,"31,750","32,200","31,400","31,600","508,950"
2020-01-15,"29,050","31,800","28,700","31,650","1,580,120"
2020-01-14,"27,250","29,100","27,250","29,050","472,229"
2020-01-13,"27,350","27,600","27,100","27,400","202,990"
2020-01-10,"27,650","27,900","27,050","27,200","470,966"
2020-01-09,"27,850","28,100","27,600","27,850","308,371"
2020-01-08,"28,250","28,300","27,400","27,700","505,321"
2020-01-07,"28,600","28,900","28,400","28,450","242,789"
2020-01-06,"28,550","28,900","28,400","28,650","227,073"
2020-01-03,"29,050","29,050","28,450","28,550","227,376"
2020-01-02,"29,200","29,400","28,700","28,900","234,407"
2019-12-30,"28,600","29,450","28,600","29,000","249,051"
2019-12-27,"27,500","29,050","27,400","28,750","476,147"
2019-12-26,"28,150","28,300","27,800","27,900","269,209"
2019-12-24,"28,000","28,250","27,650","28,100","261,022"
2019-12-23,"28,000","28,000","27,550","27,800","187,962"
2019-12-20,"27,800","28,250","27,450","27,600","244,550"
2019-12-19,"28,000","28,050","27,450","27,650","213,285"
2019-12-18,"27,200","28,150","27,100","28,000","313,186"
2019-12-17,"27,450","27,450","27,050","27,050","482,591"
2019-12-16,"27,200","27,550","26,950","27,300","302,999"
2019-12-13,"28,200","28,250","26,850","27,200","914,681"
2019-12-12,"28,300","28,750","27,800","28,100","675,334"
2019-12-11,"27,950","28,650","27,850","28,450","223,127"
2019-12-10,"28,150","28,150","27,700","27,900","235,080"
2019-12-09,"28,550","28,800","27,950","28,000","325,924"
2019-12-06,"28,550","28,750","28,300","28,450","142,494"
2019-12-05,"29,050","29,100","28,450","28,550","147,379"
2019-12-04,"28,550","29,200","28,450","29,050","382,032"
2019-12-03,"27,800","28,600","27,800","28,550","410,393"
2019-12-02,"28,300","28,650","27,650","27,800","260,949"
2019-11-29,"28,500","28,900","27,850","28,250","378,062"
2019-11-28,"28,750","28,750","27,850","28,450","461,393"
2019-11-27,"28,700","29,200","28,700","28,750","203,410"
2019-11-26,"29,650","29,700","28,800","29,050","420,957"
2019-11-25,"29,750","29,750","29,300","29,600","261,431"
2019-11-22,"30,400","30,400","29,550","29,850","274,706"
2019-11-21,"30,700","30,950","30,250","30,350","269,896"
2019-11-20,"30,150","31,200","30,100","30,700","490,315"
2019-11-19,"28,850","30,500","28,650","30,400","695,372"
2019-11-18,"29,600","29,900","28,800","28,850","346,008"
2019-11-15,"28,950","29,850","27,050","29,650","1,083,191"
2019-11-14,"29,400","29,600","28,950","29,400","265,841"
2019-11-13,"29,150","29,550","29,100","29,250","173,395"
2019-11-12,"29,600","29,650","28,950","29,400","189,216"
2019-11-11,"29,300","29,750","29,100","29,600","179,556"
2019-11-08,"29,500","29,650","29,150","29,300","190,006"
2019-11-07,"29,100","29,800","29,050","29,600","235,748"
2019-11-06,"29,450","29,550","29,050","29,300","193,718"
2019-11-05,"29,500","29,600","29,050","29,450","216,976"
2019-11-04,"29,450","30,100","29,450","29,550","416,525"
2019-11-01,"28,450","29,450","28,300","29,350","459,211"
2019-10-31,"28,250","28,550","28,050","28,450","303,034"
2019-10-30,"27,750","28,450","27,700","28,200","317,101"
2019-10-29,"28,000","28,200","27,700","27,700","196,631"
2019-10-28,"28,400","28,400","27,850","28,000","205,664"
2019-10-25,"28,450","28,500","28,050","28,250","174,332"
2019-10-24,"27,750","28,500","27,450","28,450","405,409"
2019-10-23,"28,100","28,350","27,750","27,750","261,963"
2019-10-22,"27,300","28,400","27,300","28,100","534,433"
2019-10-21,"27,000","27,500","26,800","27,250","369,774"
2019-10-18,"26,300","27,450","26,200","27,100","736,732"
2019-10-17,"26,350","26,600","25,850","26,150","356,846"
2019-10-16,"25,550","26,350","25,550","26,100","497,644"
2019-10-15,"25,950","26,100","25,150","25,450","873,683"
2019-10-14,"26,750","27,050","25,600","25,850","843,360"
2019-10-11,"27,200","27,300","26,700","27,150","264,996"
2019-10-10,"27,000","27,200","26,700","27,050","355,121"
2019-10-08,"26,900","27,300","26,700","27,250","307,145"
2019-10-07,"27,000","27,100","26,550","26,650","234,927"
2019-10-04,"27,600","27,600","26,750","27,000","311,069"
2019-10-02,"27,100","27,950","27,050","27,600","500,837"
2019-10-01,"27,100","27,950","26,850","27,450","523,900"
2019-09-30,"26,600","27,300","26,500","27,200","333,814"
2019-09-27,"26,500","26,950","26,250","26,550","405,675"
2019-09-26,"26,800","26,850","26,050","26,200","330,371"
2019-09-25,"26,350","26,950","26,100","26,800","344,767"
2019-09-24,"26,200","26,500","26,000","26,450","239,274"
2019-09-23,"27,000","27,000","26,150","26,200","466,297"
2019-09-20,"26,750","27,150","26,650","27,000","375,948"
2019-09-19,"26,700","27,100","26,500","26,800","295,110"
2019-09-18,"26,850","26,850","26,200","26,750","536,430"
2019-09-17,"27,300","27,350","26,550","26,850","593,576"
2019-09-16,"27,350","28,100","27,000","27,300","680,444"
2019-09-11,"26,700","27,050","26,650","27,050","391,732"
2019-09-10,"27,000","27,100","26,000","26,800","770,217"
2019-09-09,"25,700","26,550","25,700","26,450","406,483"
2019-09-06,"26,050","26,200","25,450","25,950","364,540"
2019-09-05,"25,950","26,400","25,500","25,900","635,854"
2019-09-04,"24,200","25,600","24,200","25,550","1,145,478"
2019-09-03,"23,600","24,500","23,550","24,250","693,272"
2019-09-02,"21,950","23,750","21,950","23,700","1,201,975"
2019-08-30,"21,950","22,200","21,850","22,000","232,022"
2019-08-29,"21,650","21,850","21,300","21,750","270,573"
2019-08-28,"21,800","21,800","21,200","21,450","307,322"
2019-08-27,"21,800","22,000","21,700","21,700","251,258"
2019-08-26,"21,800","22,000","21,650","21,700","183,628"
2019-08-23,"22,100","22,200","21,700","22,000","203,811"
2019-08-22,"22,200","22,350","21,900","22,050","302,005"
2019-08-21,"22,050","22,450","21,900","22,100","302,891"
2019-08-20,"22,250","22,250","21,850","22,050","207,729"
2019-08-19,"21,900","22,250","21,850","22,150","324,546"
2019-08-16,"21,800","22,100","21,600","21,850","357,289"
2019-08-14,"21,200","22,200","20,950","22,050","756,679"
2019-08-13,"20,400","21,450","20,400","21,150","343,164"
2019-08-12,"20,850","20,950","20,600","20,700","128,488"
2019-08-09,"20,550","20,850","20,250","20,800","268,560"
2019-08-08,"20,550","20,600","20,200","20,500","477,598"
2019-08-07,"20,200","20,700","20,200","20,500","255,497"
2019-08-06,"20,550","20,850","19,950","20,500","499,547"
2019-08-05,"20,600","21,250","20,450","20,550","613,975"
2019-08-02,"20,600","21,150","20,250","20,650","495,032"
2019-08-01,"21,100","21,300","20,400","20,600","474,649"
2019-07-31,"21,600","21,700","21,150","21,300","370,362"
2019-07-30,"21,900","22,000","21,500","21,600","365,889"
2019-07-29,"21,500","22,100","21,500","21,850","649,539"
2019-07-26,"21,200","21,650","21,200","21,400","181,076"
2019-07-25,"21,600","21,650","21,050","21,400","339,060"
2019-07-24,"21,950","22,150","21,600","21,700","367,595"
2019-07-23,"22,150","22,150","21,850","22,000","312,341"
2019-07-22,"22,000","22,050","21,750","22,050","269,856"
2019-07-19,"22,000","22,100","21,850","22,000","206,104"
2019-07-18,"22,050","22,150","21,700","21,950","315,896"
2019-07-17,"21,800","22,100","21,700","22,000","366,280"
2019-07-16,"22,150","22,150","21,050","21,850","704,480"
2019-07-15,"22,050","22,350","21,750","22,000","267,271"
2019-07-12,"21,950","22,100","21,800","22,050","303,832"
2019-07-11,"21,750","22,350","21,750","22,000","620,958"
2019-07-10,"21,600","22,100","21,250","21,700","351,356"
2019-07-09,"22,300","22,300","21,400","21,600","374,554"
2019-07-08,"22,000","22,700","21,750","22,000","873,771"
2019-07-05,"21,650","21,900","21,300","21,800","607,931"
2019-07-04,"21,050","21,350","20,900","21,300","291,437"
2019-07-03,"21,000","21,450","20,800","21,150","379,263"
2019-07-02,"20,400","20,850","20,300","20,750","294,959"
2019-07-01,"20,550","20,550","20,200","20,300","127,186"
2019-06-28,"20,400","20,800","20,300","20,350","246,792"
2019-06-27,"20,950","20,950","20,350","20,500","290,757"
2019-06-26,"21,000","21,000","20,600","20,850","197,227"
2019-06-25,"20,650","21,150","20,650","21,000","330,472"
2019-06-24,"21,250","21,250","20,700","20,700","216,794"
2019-06-21,"20,850","21,150","20,600","21,000","346,994"
2019-06-20,"21,200","21,300","20,700","20,850","448,142"
2019-06-19,"21,300","21,500","21,150","21,300","204,404"
2019-06-18,"21,800","21,850","21,200","21,200","552,783"
2019-06-17,"21,800","22,150","21,650","21,750","370,959"
2019-06-14,"21,450","22,150","21,450","21,800","405,784"
2019-06-13,"21,500","22,050","21,450","21,800","591,998"
2019-06-12,"21,400","21,850","21,400","21,500","384,888"
2019-06-11,"21,400","21,650","21,200","21,600","254,484"
2019-06-10,"21,500","21,700","21,050","21,500","295,560"
2019-06-07,"21,550","21,800","21,300","21,400","398,033"
2019-06-05,"20,850","21,650","20,750","21,400","856,217"
2019-06-04,"20,350","20,900","20,350","20,550","323,346"
2019-06-03,"20,200","21,000","20,150","20,350","625,063"
2019-05-31,"20,100","20,400","19,750","20,000","215,588"
2019-05-30,"20,050","20,450","20,050","20,100","251,047"
2019-05-29,"20,550","20,550","19,850","20,100","295,704"
2019-05-28,"20,650","20,750","20,400","20,500","205,775"
2019-05-27,"20,750","20,800","20,400","20,550","246,328"
2019-05-24,"20,700","21,000","20,550","20,750","341,110"
2019-05-23,"20,450","20,900","20,250","20,850","393,203"
2019-05-22,"20,500","20,600","20,150","20,450","241,576"
2019-05-21,"20,400","20,650","20,300","20,450","163,534"
2019-05-20,"20,750","20,750","20,300","20,600","241,605"
2019-05-17,"20,800","20,900","20,350","20,500","225,742"
2019-05-16,"21,150","21,350","20,550","20,750","518,398"
2019-05-15,"20,550","21,400","20,450","21,300","800,910"
2019-05-14,"19,750","20,550","19,700","20,400","408,961"
2019-05-13,"19,800","20,350","19,700","20,150","319,248"
2019-05-10,"19,550","20,300","19,550","20,000","268,515"
2019-05-09,"20,050","20,150","19,500","19,500","357,822"
2019-05-08,"20,000","20,300","20,000","20,050","153,072"
2019-05-07,"20,000","20,500","19,900","20,400","254,651"
2019-05-03,"20,300","20,350","20,050","20,250","208,845"
2019-05-02,"20,150","20,400","20,100","20,300","270,819"
2019-04-30,"20,500","20,600","20,150","20,300","319,635"
2019-04-29,"20,250","20,600","20,000","20,550","581,332"
2019-04-26,"19,650","20,400","19,650","20,100","951,983"
2019-04-25,"19,800","19,850","19,350","19,600","430,696"
2019-04-24,"18,750","19,700","18,700","19,600","2,091,395"
2019-04-23,"18,250","18,650","18,200","18,600","540,016"
2019-04-22,"17,950","18,350","17,750","18,250","384,309"
2019-04-19,"17,400","17,850","17,350","17,800","256,992"
2019-04-18,"17,700","17,750","17,350","17,400","294,262"
2019-04-17,"17,900","18,050","17,600","17,700","214,991"
2019-04-16,"18,100","18,200","17,800","17,850","244,510"
2019-04-15,"18,250","18,350","18,100","18,150","201,763"
2019-04-12,"18,300","18,300","18,050","18,250","170,079"
2019-04-11,"18,250","18,400","18,050","18,150","181,190"
2019-04-10,"17,900","18,300","17,900","18,250","107,317"
2019-04-09,"18,200","18,300","17,800","17,950","232,625"
2019-04-08,"18,350","18,400","18,050","18,150","94,599"
2019-04-05,"18,650","18,800","18,250","18,300","179,623"
2019-04-04,"18,400","18,700","18,200","18,650","159,518"
2019-04-03,"18,050","18,400","18,000","18,400","122,617"
2019-04-02,"18,300","18,500","18,050","18,150","151,041"
2019-04-01,"18,600","18,750","18,350","18,350","127,235"
2019-03-29,"18,500","18,850","18,500","18,500","109,678"
2019-03-28,"18,650","18,650","18,400","18,600","129,286"
2019-03-27,"19,000","19,050","18,650","18,700","208,027"
2019-03-26,"18,000","18,900","17,950","18,800","395,953"
2019-03-25,"17,650","18,300","17,650","17,950","191,520"
2019-03-22,"18,200","18,300","17,850","17,950","195,014"
2019-03-21,"18,450","18,650","18,050","18,150","204,843"
2019-03-20,"18,500","18,650","18,300","18,500","121,643"
2019-03-19,"18,650","18,650","18,500","18,500","89,835"
2019-03-18,"18,600","18,700","18,450","18,650","104,785"
2019-03-15,"18,450","18,600","18,350","18,600","199,004"
2019-03-14,"18,450","18,750","18,350","18,550","285,975"
2019-03-13,"18,050","18,400","18,000","18,350","216,722"
2019-03-12,"18,350","18,350","17,800","17,950","240,273"
2019-03-11,"18,100","18,250","17,800","18,200","159,447"
2019-03-08,"18,150","18,350","17,850","18,200","147,162"
2019-03-07,"18,350","18,500","18,200","18,200","207,671"
2019-03-06,"18,400","18,500","18,050","18,350","160,630"
2019-03-05,"18,350","18,600","18,200","18,400","221,345"
2019-03-04,"17,750","18,450","17,750","18,400","387,746"
2019-02-28,"17,950","18,050","17,700","17,700","226,587"
2019-02-27,"17,750","17,950","17,700","17,900","205,056"
2019-02-26,"17,350","17,950","17,350","17,700","336,208"
2019-02-25,"17,500","17,550","17,200","17,450","209,726"
2019-02-22,"17,150","17,650","17,050","17,300","387,642"
2019-02-21,"17,300","17,400","17,100","17,100","145,493"
2019-02-20,"17,250","17,550","17,000","17,250","206,275"
2019-02-19,"17,600","17,600","17,200","17,300","170,222"
2019-02-18,"17,600","17,650","17,400","17,600","138,740"
2019-02-15,"17,450","17,550","17,350","17,500","92,962"
2019-02-14,"17,200","17,600","17,100","17,600","170,129"
2019-02-13,"17,200","17,350","17,150","17,250","107,815"
2019-02-12,"17,300","17,450","17,100","17,200","148,417"
2019-02-11,"17,650","17,650","17,050","17,300","178,096"
2019-02-08,"17,300","17,650","17,100","17,550","367,808"
2019-02-07,"16,950","17,250","16,750","17,250","193,264"
2019-02-01,"16,900","16,950","16,650","16,750","121,151"
2019-01-31,"16,750","16,900","16,550","16,900","208,051"
2019-01-30,"16,800","16,800","16,450","16,600","143,291"
2019-01-29,"16,550","16,800","16,500","16,650","189,868"
2019-01-28,"16,300","16,600","16,250","16,550","191,497"
2019-01-25,"16,150","16,450","16,150","16,300","187,705"
2019-01-24,"16,200","16,350","16,100","16,200","184,189"
2019-01-23,"16,050","16,300","16,050","16,250","184,293"
2019-01-22,"16,100","16,200","16,000","16,150","117,908"
2019-01-21,"16,100","16,300","16,000","16,100","128,384"
2019-01-18,"16,000","16,200","15,950","16,100","137,744"
2019-01-17,"16,350","16,450","15,850","15,950","326,190"
2019-01-16,"16,300","16,450","16,250","16,400","100,540"
2019-01-15,"16,250","16,550","16,200","16,250","118,898"
2019-01-14,"16,350","16,600","16,250","16,300","103,015"
2019-01-11,"16,700","16,750","16,400","16,450","147,153"
2019-01-10,"16,750","16,850","16,600","16,650","158,464"
2019-01-09,"16,650","16,950","16,550","16,700","144,550"
2019-01-08,"16,800","16,900","16,550","16,600","106,736"
2019-01-07,"17,000","17,000","16,750","16,750","95,552"
2019-01-04,"16,300","16,950","16,200","16,850","243,593"
2019-01-03,"16,250","16,500","16,200","16,200","108,212"
2019-01-02,"16,550","16,600","16,100","16,300","161,513"
2018-12-28,"16,950","16,950","16,500","16,600","188,250"
2018-12-27,"16,900","17,100","16,750","16,950","261,091"
2018-12-26,"17,650","17,800","17,200","17,550","275,325"
2018-12-24,"17,850","18,000","17,650","17,750","182,903"
2018-12-21,"18,200","18,250","17,900","18,000","162,202"
2018-12-20,"18,000","18,200","17,600","18,200","270,148"
2018-12-19,"18,200","18,300","17,950","17,950","143,453"
2018-12-18,"17,950","18,250","17,900","18,150","273,846"
2018-12-17,"18,050","18,250","17,900","18,000","267,622"
2018-12-14,"17,950","18,150","17,800","18,050","163,197"
2018-12-13,"17,850","17,900","17,650","17,900","229,319"
2018-12-12,"17,750","17,800","17,600","17,800","117,653"
2018-12-11,"17,700","17,750","17,500","17,600","107,542"
2018-12-10,"17,400","17,750","17,350","17,600","119,290"
2018-12-07,"17,400","17,650","17,400","17,650","171,713"
2018-12-06,"17,850","17,850","17,200","17,350","152,946"
2018-12-05,"17,550","17,850","17,500","17,850","91,937"
2018-12-04,"17,650","17,850","17,550","17,750","153,537"
2018-12-03,"17,700","17,750","17,450","17,650","114,428"
2018-11-30,"17,500","17,700","17,300","17,500","124,133"
2018-11-29,"17,550","17,700","17,100","17,550","110,530"
2018-11-28,"17,600","17,600","17,250","17,450","127,115"
2018-11-27,"17,850","17,850","17,400","17,500","139,200"
2018-11-26,"17,500","17,900","17,500","17,700","248,239"
2018-11-23,"17,700","17,850","17,400","17,550","211,219"
2018-11-22,"17,400","17,700","17,300","17,600","396,496"
2018-11-21,"16,850","17,350","16,850","17,300","274,862"
2018-11-20,"16,800","17,200","16,750","17,100","232,007"
2018-11-19,"16,900","17,100","16,750","17,000","296,262"
2018-11-16,"16,000","17,050","15,750","17,000","656,628"
2018-11-15,"15,600","16,000","15,600","16,000","245,794"
2018-11-14,"15,700","15,850","15,650","15,800","169,408"
2018-11-13,"15,600","15,750","15,500","15,700","124,863"
2018-11-12,"15,700","15,800","15,550","15,750","143,256"
2018-11-09,"15,700","15,950","15,650","15,700","165,601"
2018-11-08,"15,750","15,850","15,650","15,650","202,645"
2018-11-07,"15,550","15,950","15,550","15,600","230,435"
2018-11-06,"15,400","15,600","15,250","15,500","233,497"
2018-11-05,"15,650","15,700","15,200","15,300","330,335"
2018-11-02,"15,600","15,800","15,500","15,700","285,958"
2018-11-01,"15,800","15,850","15,550","15,650","219,789"
2018-10-31,"15,450","15,900","15,250","15,750","219,362"
2018-10-30,"15,450","15,800","15,400","15,450","185,990"
2018-10-29,"15,750","16,050","15,500","15,600","179,511"
2018-10-26,"16,200","16,250","15,650","15,950","254,465"
2018-10-25,"15,950","16,200","15,800","16,200","201,891"
2018-10-24,"15,950","16,300","15,950","16,200","201,631"
2018-10-23,"16,200","16,250","15,650","15,850","208,923"
2018-10-22,"16,200","16,400","16,100","16,250","144,362"
2018-10-19,"16,000","16,200","15,900","16,000","165,476"
2018-10-18,"16,250","16,300","16,050","16,100","75,958"
2018-10-17,"16,000","16,500","16,000","16,150","182,725"
2018-10-16,"16,050","16,150","15,900","15,900","146,839"
2018-10-15,"15,700","16,400","15,650","16,050","195,319"
2018-10-12,"15,800","15,900","15,550","15,800","187,234"
2018-10-11,"15,900","16,200","15,650","15,650","503,097"
2018-10-10,"16,400","16,500","16,200","16,300","226,245"
2018-10-08,"16,600","16,700","16,400","16,400","157,717"
2018-10-05,"16,450","16,700","16,350","16,600","184,710"
2018-10-04,"16,800","16,850","16,400","16,450","237,037"
2018-10-02,"17,050","17,100","16,750","16,800","240,026"
2018-10-01,"16,900","17,100","16,850","17,100","184,178"
2018-09-28,"16,700","17,000","16,700","16,850","174,960"
2018-09-27,"16,550","16,850","16,550","16,700","208,686"
2018-09-21,"16,700","16,800","16,600","16,600","162,224"
2018-09-20,"16,550","16,750","16,400","16,600","184,652"
2018-09-19,"16,900","16,950","16,500","16,550","243,227"
2018-09-18,"16,750","17,000","16,750","16,900","92,663"
2018-09-17,"17,050","17,050","16,800","16,850","122,579"
2018-09-14,"17,100","17,250","16,850","17,000","172,860"
2018-09-13,"16,600","17,100","16,600","17,100","300,921"
2018-09-12,"16,650","16,900","16,550","16,600","190,719"
2018-09-11,"16,600","16,700","16,550","16,600","120,967"
2018-09-10,"16,650","16,750","16,600","16,600","104,875"
2018-09-07,"16,650","16,800","16,550","16,700","158,693"
2018-09-06,"16,650","16,750","16,500","16,650","82,463"
2018-09-05,"16,500","16,850","16,400","16,650","164,046"
2018-09-04,"16,950","16,950","16,450","16,500","291,291"
2018-09-03,"16,750","16,950","16,700","16,900","139,361"
2018-08-31,"16,900","16,950","16,650","16,800","149,551"
2018-08-30,"16,800","16,950","16,700","16,900","161,052"
2018-08-29,"16,800","16,900","16,700","16,800","147,321"
2018-08-28,"16,550","16,800","16,500","16,750","167,872"
2018-08-27,"16,700","16,700","16,450","16,550","172,376"
2018-08-24,"16,600","16,800","16,600","16,700","85,344"
2018-08-23,"16,700","16,850","16,600","16,600","106,979"
2018-08-22,"16,650","17,000","16,500","16,750","207,060"
2018-08-21,"16,400","16,650","16,350","16,600","156,360"
2018-08-20,"16,500","16,550","16,250","16,450","142,806"
2018-08-17,"16,600","16,700","16,350","16,500","226,082"
2018-08-16,"17,350","17,350","16,400","16,450","760,633"
2018-08-14,"17,600","17,750","17,300","17,500","159,633"
2018-08-13,"17,800","18,000","17,500","17,600","211,919"
2018-08-10,"17,550","17,900","17,500","17,900","194,179"
2018-08-09,"17,850","17,850","17,550","17,550","354,546"
2018-08-08,"17,900","18,000","17,850","17,850","105,541"
2018-08-07,"17,900","17,950","17,800","17,950","101,624"
2018-08-06,"18,150","18,200","17,850","17,900","271,083"
2018-08-03,"17,950","18,100","17,850","18,100","109,346"
2018-08-02,"18,050","18,200","17,900","17,900","155,110"
2018-08-01,"18,200","18,300","18,050","18,050","151,871"
2018-07-31,"18,200","18,250","18,000","18,200","141,768"
2018-07-30,"17,900","18,200","17,900","18,150","86,239"
2018-07-27,"17,900","18,100","17,850","18,050","186,826"
2018-07-26,"18,000","18,100","17,850","17,850","176,731"
2018-07-25,"18,100","18,400","17,800","18,000","260,551"
2018-07-24,"18,200","18,300","18,000","18,300","112,979"
2018-07-23,"18,100","18,250","17,900","18,250","194,016"
2018-07-20,"18,100","18,300","18,050","18,150","128,659"
2018-07-19,"18,350","18,500","18,100","18,100","169,458"
2018-07-18,"18,550","18,650","18,200","18,400","129,527"
2018-07-17,"18,400","18,750","18,200","18,500","194,415"
2018-07-16,"18,950","19,000","18,250","18,450","294,687"
2018-07-13,"18,900","19,050","18,800","18,950","178,898"
2018-07-12,"19,250","19,250","18,750","18,850","356,849"
2018-07-11,"18,450","19,400","18,300","19,250","698,006"
2018-07-10,"17,950","18,450","17,950","18,250","165,796"
2018-07-09,"17,950","18,150","17,700","17,900","246,060"
2018-07-06,"17,700","18,050","17,650","18,050","247,806"
2018-07-05,"18,100","18,100","17,600","17,700","213,769"
2018-07-04,"17,850","18,200","17,750","18,050","231,402"
2018-07-03,"19,050","19,100","17,950","18,050","684,359"
2018-07-02,"19,650","19,650","18,900","19,000","429,733"
2018-06-29,"20,600","20,600","19,500","19,650","572,172"
2018-06-28,"20,200","20,950","20,000","20,400","818,489"
2018-06-27,"19,900","19,900","19,650","19,750","136,203"
2018-06-26,"19,950","20,000","19,600","19,800","176,120"
2018-06-25,"19,600","20,050","19,450","20,050","204,909"
2018-06-22,"19,600","19,600","19,350","19,500","276,914"
2018-06-21,"19,950","20,000","19,650","19,700","362,035"
2018-06-20,"19,900","20,150","19,800","20,100","254,623"
2018-06-19,"20,150","20,250","19,900","19,900","461,899"
2018-06-18,"20,500","20,600","20,150","20,250","318,977"
2018-06-15,"20,750","20,850","20,500","20,600","236,415"
2018-06-14,"20,750","20,950","20,650","20,650","307,343"
2018-06-12,"20,900","20,950","20,600","20,700","231,378"
2018-06-11,"20,950","21,000","20,650","20,850","195,732"
2018-06-08,"21,200","21,250","20,750","20,750","261,643"
2018-06-07,"20,450","21,100","20,450","21,000","590,409"
2018-06-05,"20,450","20,500","20,250","20,350","209,867"
2018-06-04,"20,350","20,550","20,250","20,400","238,801"
2018-06-01,"20,250","20,350","20,100","20,200","228,130"
2018-05-31,"20,150","20,350","20,100","20,150","224,948"
2018-05-30,"20,150","20,250","20,050","20,100","218,965"
2018-05-29,"20,250","20,350","20,100","20,350","163,649"
2018-05-28,"20,500","20,500","20,100","20,150","313,566"
2018-05-25,"20,050","20,350","20,000","20,100","366,152"
2018-05-24,"20,550","20,650","20,100","20,150","373,514"
2018-05-23,"20,700","20,750","20,400","20,500","309,299"
2018-05-21,"21,000","21,100","20,700","20,750","228,911"
2018-05-18,"20,950","21,050","20,900","21,000","113,569"
2018-05-17,"21,050","21,150","20,900","20,950","137,711"
2018-05-16,"21,400","21,500","20,900","21,100","293,173"
2018-05-15,"21,400","21,700","21,400","21,550","87,731"
2018-05-14,"21,400","21,800","21,400","21,400","281,871"
2018-05-11,"21,000","21,550","21,000","21,400","229,912"
2018-05-10,"21,150","21,250","20,900","21,000","215,315"
2018-05-09,"21,050","21,200","20,950","21,100","165,195"
2018-05-08,"21,450","21,550","21,000","21,050","250,520"
2018-05-04,"21,400","21,600","21,350","21,550","123,592"
2018-05-03,"21,650","21,750","21,450","21,450","125,309"
2018-05-02,"21,650","21,700","21,350","21,500","257,021"
2018-04-30,"21,700","21,800","21,550","21,800","157,567"
2018-04-27,"21,550","21,700","21,350","21,650","133,216"
2018-04-26,"21,500","21,750","21,350","21,550","171,297"
2018-04-25,"21,700","21,700","21,350","21,400","183,383"
2018-04-24,"21,250","21,900","21,250","21,750","301,907"
2018-04-23,"20,850","21,300","20,850","21,200","263,096"
2018-04-20,"20,850","20,950","20,700","20,750","276,025"
2018-04-19,"21,000","21,100","20,800","20,900","241,110"
2018-04-18,"20,850","21,150","20,850","21,100","329,277"
2018-04-17,"20,750","20,900","20,700","20,800","223,629"
2018-04-16,"20,500","20,800","20,500","20,700","177,596"
2018-04-13,"21,000","21,150","20,350","20,600","736,508"
2018-04-12,"21,450","21,450","20,950","21,100","498,282"
2018-04-11,"21,650","21,700","21,300","21,450","224,179"
2018-04-10,"21,850","21,950","21,550","21,600","136,437"
2018-04-09,"22,250","22,350","21,700","21,800","172,314"
2018-04-06,"22,300","22,450","22,100","22,350","149,046"
2018-04-05,"22,400","22,600","22,250","22,300","107,261"
2018-04-04,"23,050","23,150","22,200","22,350","263,882"
2018-04-03,"22,600","23,300","22,600","23,050","300,760"
2018-04-02,"22,350","22,850","22,300","22,600","136,625"
2018-03-30,"22,400","22,700","22,300","22,450","62,630"
2018-03-29,"22,850","22,850","22,250","22,350","133,788"
2018-03-28,"22,500","22,900","22,300","22,900","205,097"
2018-03-27,"22,250","22,800","22,000","22,750","206,841"
2018-03-26,"21,500","22,350","21,500","22,250","237,307"
2018-03-23,"21,700","21,850","21,300","21,350","164,382"
2018-03-22,"22,300","22,450","21,950","22,000","145,584"
2018-03-21,"21,950","22,450","21,850","22,350","300,441"
2018-03-20,"21,150","22,100","21,150","22,000","290,165"
2018-03-19,"21,050","21,300","21,050","21,100","139,802"
2018-03-16,"21,100","21,250","21,100","21,100","141,529"
2018-03-15,"21,000","21,200","21,000","21,100","137,348"
2018-03-14,"21,050","21,300","21,000","21,200","90,749"
2018-03-13,"21,150","21,250","21,000","21,050","108,998"
2018-03-12,"21,100","21,500","21,050","21,300","133,804"
2018-03-09,"21,100","21,250","21,000","21,100","147,470"
2018-03-08,"20,950","21,200","20,900","21,100","155,579"
2018-03-07,"21,200","21,400","20,850","20,900","155,218"
2018-03-06,"21,100","21,550","21,050","21,100","132,603"
2018-03-05,"21,450","21,750","21,000","21,000","105,782"
2018-03-02,"21,650","21,850","21,500","21,500","116,803"
2018-02-28,"22,200","22,250","21,800","22,000","136,906"
2018-02-27,"22,600","22,600","22,150","22,350","172,621"
2018-02-26,"22,200","22,500","22,050","22,500","94,843"
2018-02-23,"22,150","22,150","21,900","22,150","85,819"
2018-02-22,"21,950","22,100","21,800","22,100","74,458"
2018-02-21,"21,650","22,200","21,600","22,000","90,738"
2018-02-20,"21,850","22,000","21,650","21,700","81,226"
2018-02-19,"22,000","22,000","21,700","21,950","113,413"
2018-02-14,"21,800","21,950","21,700","21,800","82,298"
2018-02-13,"21,850","22,050","21,750","21,850","86,714"
2018-02-12,"22,050","22,200","21,800","21,950","79,536"
2018-02-09,"21,700","22,250","21,650","22,200","158,264"
2018-02-08,"21,850","22,100","21,700","22,050","191,819"
2018-02-07,"21,950","22,400","21,700","21,800","187,494"
2018-02-06,"22,000","22,200","21,500","21,900","283,295"
2018-02-05,"22,500","22,650","22,200","22,350","183,194"
2018-02-02,"23,050","23,150","22,600","22,750","177,944"
2018-02-01,"22,950","23,250","22,900","23,050","127,070"
2018-01-31,"23,250","23,250","22,800","23,000","215,531"
2018-01-30,"23,650","23,750","23,150","23,200","158,252"
2018-01-29,"23,350","23,750","23,200","23,500","163,106"
2018-01-26,"23,100","23,400","22,950","23,300","138,617"
2018-01-25,"23,450","23,500","22,950","23,000","269,793"
2018-01-24,"23,150","23,500","23,150","23,450","187,334"
2018-01-23,"22,950","23,150","22,850","23,050","158,354"
2018-01-22,"22,950","23,150","22,750","22,900","192,781"
2018-01-19,"22,950","23,100","22,450","22,900","349,609"
2018-01-18,"23,250","23,300","22,950","23,000","272,778"
2018-01-17,"23,550","23,550","23,100","23,200","196,144"
2018-01-16,"23,100","23,600","22,750","23,550","424,880"
2018-01-15,"24,200","24,250","22,500","22,900","736,486"
2018-01-12,"24,700","25,050","24,500","24,500","148,667"
2018-01-11,"24,950","25,200","24,800","24,900","321,697"
2018-01-10,"24,500","25,150","24,150","24,800","304,457"
2018-01-09,"23,800","24,750","23,750","24,500","306,033"
2018-01-08,"24,400","24,700","23,850","23,850","172,439"
2018-01-05,"24,700","24,800","24,200","24,400","224,635"
2018-01-04,"24,700","25,000","24,550","24,550","195,927"
2018-01-03,"24,200","25,050","24,100","24,800","245,119"
2018-01-02,"24,150","24,400","24,000","24,400","128,554"
2017-12-28,"24,250","24,250","23,750","24,100","116,104"
2017-12-27,"23,700","24,300","23,350","24,250","235,087"
2017-12-26,"24,500","24,700","24,350","24,350","248,293"
2017-12-22,"24,450","24,550","24,000","24,450","156,306"
2017-12-21,"24,400","24,850","24,400","24,450","190,467"
2017-12-20,"24,150","24,800","24,150","24,700","230,892"
2017-12-19,"24,150","24,300","23,950","24,150","131,397"
2017-12-18,"24,000","24,250","23,900","24,150","128,159"
2017-12-15,"23,900","24,350","23,800","24,000","348,742"
2017-12-14,"23,500","24,450","23,450","23,650","434,671"
2017-12-13,"23,550","23,800","23,250","23,350","364,665"
2017-12-12,"23,650","23,950","23,450","23,600","107,795"
2017-12-11,"23,250","23,850","23,200","23,850","128,013"
2017-12-08,"23,750","23,950","23,200","23,350","237,149"
2017-12-07,"24,050","24,100","23,600","23,700","118,126"
2017-12-06,"24,000","24,250","23,750","23,850","175,649"
2017-12-05,"24,050","24,350","23,650","24,350","209,028"
2017-12-04,"23,350","24,000","23,300","23,950","248,053"
2017-12-01,"23,700","23,700","22,900","23,200","193,226"
2017-11-30,"23,750","23,750","23,450","23,700","142,531"
2017-11-29,"24,250","24,350","23,450","23,550","265,029"
2017-11-28,"24,550","24,600","24,150","24,250","84,210"
2017-11-27,"24,100","24,600","24,050","24,550","120,883"
2017-11-24,"24,300","24,350","24,050","24,100","161,483"
2017-11-23,"24,650","24,850","24,200","24,200","275,351"
2017-11-22,"25,150","25,250","24,600","24,800","205,792"
2017-11-21,"25,000","25,500","25,000","25,150","126,235"
2017-11-20,"25,000","25,350","24,900","25,000","107,704"
2017-11-17,"24,950","25,150","24,600","25,150","199,770"
2017-11-16,"25,250","25,250","24,900","24,950","132,749"
2017-11-15,"25,300","25,350","24,950","25,150","255,437"
2017-11-14,"25,800","25,800","24,800","25,250","394,095"
2017-11-13,"25,650","25,750","25,350","25,550","69,827"
2017-11-10,"25,600","25,900","25,200","25,450","149,812"
2017-11-09,"26,200","26,250","25,600","25,750","208,440"
2017-11-08,"25,450","26,200","25,400","26,150","206,236"
2017-11-07,"25,250","25,750","25,250","25,600","128,988"
2017-11-06,"25,200","25,500","25,000","25,250","128,927"
2017-11-03,"25,200","25,550","24,800","25,150","194,673"
2017-11-02,"26,100","26,100","24,950","25,150","272,881"
2017-11-01,"26,150","26,650","25,750","26,150","238,526"
2017-10-31,"26,900","27,050","26,550","26,600","148,168"
2017-10-30,"27,000","27,000","26,600","26,900","124,955"
2017-10-27,"26,450","27,200","26,450","27,150","270,061"
2017-10-26,"26,450","26,750","26,100","26,650","143,680"
2017-10-25,"26,300","26,650","25,950","26,450","155,091"
2017-10-24,"26,150","26,550","26,100","26,400","149,381"
2017-10-23,"25,950","26,250","25,950","26,100","173,779"
2017-10-20,"25,400","26,700","25,350","25,750","504,432"
2017-10-19,"25,050","25,500","25,000","25,300","155,254"
2017-10-18,"25,350","25,400","24,950","25,150","236,161"
2017-10-17,"25,650","25,700","24,900","25,300","229,391"
2017-10-16,"25,350","25,850","23,850","25,400","879,409"
2017-10-13,"26,400","26,950","26,400","26,750","155,923"
2017-10-12,"26,650","26,850","26,350","26,500","280,469"
2017-10-11,"26,900","27,100","26,500","26,900","199,622"
2017-10-10,"26,300","26,750","26,000","26,700","178,900"
2017-09-29,"26,100","26,300","26,050","26,300","182,629"
2017-09-28,"25,850","26,200","25,600","26,100","252,728"
2017-09-27,"25,250","25,850","25,250","25,800","250,253"
2017-09-26,"25,400","25,600","25,100","25,250","162,559"
2017-09-25,"25,500","25,600","25,350","25,450","226,899"
2017-09-22,"25,300","25,550","25,050","25,500","212,178"
2017-09-21,"25,050","25,600","24,900","25,500","286,981"
2017-09-20,"24,850","25,250","24,850","25,200","322,529"
2017-09-19,"24,750","24,950","24,450","24,650","173,843"
2017-09-18,"25,300","25,300","24,800","24,850","137,761"
2017-09-15,"25,300","25,450","25,100","25,300","128,541"
2017-09-14,"24,800","25,350","24,750","25,350","135,853"
2017-09-13,"24,700","25,250","24,550","25,050","169,512"
2017-09-12,"25,100","25,150","24,450","24,650","209,796"
2017-09-11,"25,350","25,550","24,900","25,000","130,021"
2017-09-08,"25,600","25,750","24,950","25,200","127,596"
2017-09-07,"24,900","25,900","24,800","25,800","399,854"
2017-09-06,"24,700","24,950","24,500","24,550","111,554"
2017-09-05,"24,950","25,000","24,200","24,550","171,641"
2017-09-04,"24,250","25,200","24,200","24,900","183,360"
2017-09-01,"26,450","26,450","24,800","24,850","391,167"
2017-08-31,"26,050","26,100","25,700","26,100","136,488"
2017-08-30,"25,750","26,150","25,450","25,950","185,635"
2017-08-29,"25,700","25,900","25,600","25,850","127,253"
2017-08-28,"25,750","26,050","25,700","25,850","111,320"
2017-08-25,"26,200","26,250","25,700","25,950","130,773"
2017-08-24,"25,650","26,400","25,650","26,150","305,405"
2017-08-23,"26,000","26,000","25,300","25,650","255,235"
2017-08-22,"25,850","26,000","25,800","25,900","185,290"
2017-08-21,"25,650","26,250","25,600","25,800","417,865"
2017-08-18,"25,500","25,850","25,500","25,650","181,073"
2017-08-17,"25,850","25,900","25,500","25,750","293,096"
2017-08-16,"24,350","26,100","24,200","25,950","1,326,446"
2017-08-14,"23,350","24,200","23,350","24,150","416,960"
2017-08-11,"23,700","23,850","23,500","23,600","167,760"
2017-08-10,"23,500","24,150","23,500","23,800","286,743"
2017-08-09,"23,600","23,800","23,500","23,500","148,955"
2017-08-08,"23,650","23,950","23,550","23,700","111,305"
2017-08-07,"23,800","23,900","23,600","23,650","140,682"
2017-08-04,"23,700","24,000","23,700","23,900","156,128"
2017-08-03,"24,000","24,050","23,550","23,900","316,646"
2017-08-02,"24,150","24,200","23,750","23,950","236,543"
2017-08-01,"24,050","24,200","23,700","24,150","288,407"
2017-07-31,"24,000","24,500","23,700","23,950","308,725"
2017-07-28,"23,850","24,200","23,600","23,850","363,232"
2017-07-27,"23,300","23,900","22,950","23,850","444,765"
2017-07-26,"23,150","23,400","23,000","23,100","171,138"
2017-07-25,"23,250","23,300","22,900","23,100","192,816"
2017-07-24,"22,400","23,300","22,350","23,250","241,342"
2017-07-21,"22,600","22,800","22,250","22,350","171,189"
2017-07-20,"22,700","22,750","22,550","22,600","92,933"
2017-07-19,"22,700","22,800","22,500","22,750","144,660"
2017-07-18,"22,500","22,850","22,250","22,750","187,069"
2017-07-17,"22,250","22,550","22,250","22,450","133,357"
2017-07-14,"22,600","22,650","22,100","22,250","187,256"
2017-07-13,"21,900","22,700","21,850","22,650","423,798"
2017-07-12,"22,000","22,000","21,600","21,600","119,203"
2017-07-11,"21,850","21,900","21,600","21,900","176,797"
2017-07-10,"22,700","22,900","21,650","21,750","553,806"
2017-07-07,"23,000","23,250","22,700","22,900","240,545"
2017-07-06,"23,050","23,200","23,000","23,200","109,806"
2017-07-05,"23,250","23,250","22,750","23,150","190,462"
2017-07-04,"23,600","23,600","23,100","23,100","146,382"
2017-07-03,"23,050","23,450","23,050","23,350","151,138"
2017-06-30,"23,350","23,500","23,100","23,300","166,810"
2017-06-29,"23,350","23,450","22,950","23,450","153,158"
2017-06-28,"23,050","23,550","23,000","23,350","168,933"
2017-06-27,"23,100","23,400","22,900","23,100","94,587"
2017-06-26,"23,400","23,400","22,700","23,100","250,672"
2017-06-23,"23,850","23,850","23,300","23,350","153,384"
2017-06-22,"23,400","23,850","23,350","23,750","224,081"
2017-06-21,"23,450","23,600","23,300","23,350","198,948"
2017-06-20,"23,650","23,850","23,400","23,500","212,868"
2017-06-19,"24,200","24,200","23,550","23,650","326,214"
2017-06-16,"23,850","24,150","23,650","24,150","327,110"
2017-06-15,"23,700","24,000","23,600","23,850","325,720"
2017-06-14,"23,550","23,850","23,350","23,800","357,691"
2017-06-13,"23,450","23,850","23,300","23,350","402,455"
2017-06-12,"24,150","24,150","23,500","23,550","254,934"
2017-06-09,"23,950","24,300","23,850","24,150","409,746"
2017-06-08,"23,950","24,200","23,600","23,800","427,952"
2017-06-07,"24,100","24,150","23,750","23,900","237,493"
2017-06-05,"24,250","24,250","23,900","24,150","206,200"
2017-06-02,"23,750","24,250","23,650","24,250","401,974"
2017-06-01,"24,350","24,450","23,700","23,850","340,812"
2017-05-31,"24,000","24,200","23,500","24,200","361,484"
2017-05-30,"23,950","24,250","23,750","23,900","289,175"
2017-05-29,"24,100","24,150","23,800","24,050","452,397"
2017-05-26,"24,200","24,300","23,600","24,050","538,475"
2017-05-25,"24,400","24,400","23,950","24,200","366,657"
2017-05-24,"24,050","24,350","23,950","24,300","449,958"
2017-05-23,"23,750","24,250","23,500","23,950","497,430"
2017-05-22,"23,800","23,900","23,300","23,750","535,757"
2017-05-19,"22,850","23,950","22,800","23,700","1,715,511"
2017-05-18,"22,650","22,950","22,350","22,750","724,002"
2017-05-17,"21,950","22,900","21,850","22,750","852,737"
2017-05-16,"21,900","22,250","21,800","21,900","641,790"
2017-05-15,"21,800","21,900","21,650","21,850","202,460"
2017-05-12,"21,700","21,750","21,450","21,700","161,657"
2017-05-11,"21,600","21,750","21,400","21,700","221,113"
2017-05-10,"21,650","22,050","21,450","21,600","537,978"
2017-05-08,"20,850","21,550","20,850","21,550","502,415"
2017-05-04,"21,000","21,200","20,850","20,950","180,521"
2017-05-02,"20,900","21,200","20,850","21,000","284,610"
2017-04-28,"20,650","20,950","20,550","20,900","227,620"
2017-04-27,"20,800","20,900","20,550","20,800","186,953"
2017-04-26,"20,700","20,900","20,650","20,750","240,998"
2017-04-25,"20,400","20,700","20,350","20,700","306,343"
2017-04-24,"20,300","20,500","20,300","20,400","226,732"
2017-04-21,"20,250","20,400","20,200","20,400","151,755"
2017-04-20,"20,350","20,400","20,250","20,350","179,569"
2017-04-19,"20,000","20,350","19,950","20,350","293,519"
2017-04-18,"20,100","20,100","19,850","20,000","190,491"
2017-04-17,"19,900","20,100","19,900","20,000","97,886"
2017-04-14,"20,100","20,100","19,850","19,900","131,243"
2017-04-13,"19,950","20,200","19,950","20,100","334,688"
2017-04-12,"19,900","20,000","19,800","19,950","122,293"
2017-04-11,"20,150","20,200","19,800","19,950","467,541"
2017-04-10,"20,500","20,500","20,150","20,150","319,385"
2017-04-07,"20,400","20,450","20,300","20,450","148,704"
2017-04-06,"20,400","20,400","20,250","20,350","174,594"
2017-04-05,"20,450","20,550","20,300","20,350","182,560"
2017-04-04,"20,350","20,500","20,300","20,450","131,311"
2017-04-03,"20,400","20,400","20,300","20,400","156,148"
2017-03-31,"20,350","20,450","20,250","20,350","257,349"
2017-03-30,"20,400","20,500","20,350","20,400","94,372"
2017-03-29,"20,600","20,650","20,300","20,350","285,846"
2017-03-28,"20,800","20,800","20,600","20,600","153,894"
2017-03-27,"20,700","20,850","20,500","20,800","139,249"
2017-03-24,"20,300","20,750","20,300","20,700","194,849"
2017-03-23,"20,400","20,400","20,250","20,350","203,314"
2017-03-22,"20,400","20,500","20,300","20,400","200,961"
2017-03-21,"20,550","20,550","20,300","20,400","192,912"
2017-03-20,"20,600","20,600","20,400","20,500","93,861"
2017-03-17,"20,450","20,550","20,300","20,550","154,771"
2017-03-16,"20,450","20,450","20,300","20,400","205,293"
2017-03-15,"20,450","20,550","20,250","20,350","168,335"
2017-03-14,"20,550","20,600","20,400","20,450","112,405"
2017-03-13,"20,600","20,700","20,450","20,500","147,191"
2017-03-10,"20,550","20,650","20,350","20,600","149,406"
2017-03-09,"20,650","20,700","20,450","20,550","164,911"
2017-03-08,"20,500","20,750","20,500","20,650","152,326"
2017-03-07,"20,350","20,500","20,350","20,500","175,448"
2017-03-06,"20,400","20,450","20,200","20,300","236,379"
2017-03-03,"20,850","20,850","20,400","20,500","230,257"
2017-03-02,"21,150","21,250","20,800","20,800","151,995"
2017-02-28,"21,450","21,450","21,000","21,100","166,922"
2017-02-27,"21,350","21,400","21,150","21,400","179,492"
2017-02-24,"21,100","21,450","20,950","21,400","227,257"
2017-02-23,"21,000","21,150","20,900","21,100","128,185"
2017-02-22,"21,000","21,100","20,850","20,950","102,012"
2017-02-21,"20,450","21,150","20,450","21,000","466,327"
2017-02-20,"20,500","20,550","20,350","20,450","179,518"
2017-02-17,"20,600","20,600","20,400","20,500","150,849"
2017-02-16,"20,800","20,800","20,500","20,600","110,918"
2017-02-15,"20,600","20,800","20,550","20,750","160,981"
2017-02-14,"20,650","20,650","20,500","20,550","92,962"
2017-02-13,"20,600","20,750","20,500","20,550","225,053"
2017-02-10,"20,500","20,550","20,400","20,550","94,465"
2017-02-09,"20,550","20,650","20,350","20,450","216,792"
2017-02-08,"20,700","20,700","20,450","20,600","130,099"
2017-02-07,"20,400","20,650","20,400","20,550","193,588"
2017-02-06,"20,600","20,650","20,350","20,450","273,462"
2017-02-03,"20,450","20,550","20,350","20,550","161,957"
2017-02-02,"20,700","20,800","20,350","20,450","273,482"
2017-02-01,"20,850","20,900","20,700","20,800","140,851"
2017-01-31,"20,750","20,850","20,650","20,800","86,081"
2017-01-26,"20,900","20,900","20,650","20,750","138,012"
2017-01-25,"21,150","21,150","20,750","20,800","143,606"
2017-01-24,"21,250","21,300","20,900","21,000","154,747"
2017-01-23,"21,150","21,500","21,100","21,200","182,826"
2017-01-20,"21,200","21,200","21,050","21,150","83,600"
2017-01-19,"21,200","21,250","21,050","21,100","72,288"
2017-01-18,"21,150","21,150","21,000","21,150","89,302"
2017-01-17,"20,950","21,150","20,850","21,150","119,440"
2017-01-16,"21,000","21,150","20,800","20,950","181,439"
2017-01-13,"20,850","21,000","20,800","20,950","113,614"
2017-01-12,"20,950","21,000","20,700","20,900","184,873"
2017-01-11,"20,800","21,000","20,750","20,950","158,334"
2017-01-10,"21,200","21,200","20,750","20,800","196,320"
2017-01-09,"21,350","21,400","21,150","21,200","88,044"
2017-01-06,"21,300","21,350","21,200","21,350","80,523"
2017-01-05,"21,250","21,400","21,100","21,300","187,376"
2017-01-04,"21,300","21,300","21,000","21,100","126,132"
2017-01-03,"20,900","21,300","20,750","21,300","154,765"
2017-01-02,"21,100","21,150","20,650","20,900","200,092"
2016-12-29,"21,400","21,400","21,050","21,100","150,989"
2016-12-28,"21,600","21,750","21,150","21,300","485,834"
2016-12-27,"22,400","22,600","22,250","22,400","600,857"
2016-12-26,"22,150","22,300","22,100","22,300","265,067"
2016-12-23,"22,150","22,200","22,000","22,100","168,364"
2016-12-22,"22,250","22,250","22,000","22,150","194,811"
2016-12-21,"22,250","22,300","22,100","22,100","208,609"
2016-12-20,"22,100","22,300","21,950","22,250","276,094"
2016-12-19,"21,850","22,000","21,850","22,000","178,669"
2016-12-16,"21,850","21,950","21,750","21,800","171,577"
2016-12-15,"21,600","21,950","21,600","21,900","109,911"
2016-12-14,"22,050","22,050","21,750","21,750","160,318"
2016-12-13,"21,800","21,950","21,650","21,950","233,264"
2016-12-12,"21,950","22,000","21,700","21,800","120,857"
2016-12-09,"21,800","22,100","21,750","21,950","229,414"
2016-12-08,"21,750","21,900","21,650","21,900","184,564"
2016-12-07,"21,900","21,900","21,550","21,650","186,265"
2016-12-06,"21,400","21,900","21,250","21,850","262,984"
2016-12-05,"21,000","21,400","20,950","21,150","142,750"
2016-12-02,"21,450","21,550","21,000","21,050","226,978"
2016-12-01,"21,650","21,700","21,400","21,450","178,124"
2016-11-30,"21,650","21,950","21,500","21,750","330,855"
2016-11-29,"21,200","21,700","21,150","21,550","246,649"
2016-11-28,"21,450","21,450","21,100","21,250","133,058"
2016-11-25,"20,850","21,250","20,750","21,250","189,869"
2016-11-24,"20,800","21,000","20,600","20,800","177,844"
2016-11-23,"20,900","20,950","20,800","20,850","113,111"
2016-11-22,"20,850","21,000","20,800","20,900","143,643"
2016-11-21,"20,900","21,050","20,750","20,900","102,730"
2016-11-18,"21,150","21,150","20,900","20,950","139,135"
2016-11-17,"21,250","21,250","21,050","21,100","227,334"
2016-11-16,"21,350","21,450","21,050","21,150","249,284"
2016-11-15,"21,550","21,550","21,150","21,200","221,165"
2016-11-14,"21,500","21,600","21,350","21,550","112,045"
2016-11-11,"21,600","21,700","21,300","21,500","156,973"
2016-11-10,"21,350","21,750","21,300","21,650","191,182"
2016-11-09,"21,500","21,600","20,700","21,300","415,076"
2016-11-08,"21,450","21,550","21,250","21,500","104,928"
2016-11-07,"21,400","21,650","21,150","21,350","190,291"
2016-11-04,"21,400","21,550","21,000","21,200","155,917"
2016-11-03,"21,100","21,450","21,100","21,300","213,749"
2016-11-02,"21,450","21,500","20,850","21,200","240,777"
2016-11-01,"22,000","22,050","21,300","21,450","187,802"
2016-10-31,"21,800","22,200","21,800","22,000","634,929"
2016-10-28,"21,400","22,200","21,300","21,600","1,046,962"
2016-10-27,"20,400","20,750","20,350","20,750","236,129"
2016-10-26,"20,700","20,700","20,150","20,300","358,921"
2016-10-25,"21,150","21,150","20,700","20,750","283,749"
2016-10-24,"21,400","21,450","21,050","21,100","273,759"
2016-10-21,"21,350","21,550","21,200","21,450","174,629"
2016-10-20,"21,350","21,450","21,250","21,350","164,091"
2016-10-19,"21,600","21,600","21,150","21,250","356,103"
